Test Results @ http://10.105.106.204:5000 
  Thread Stats   Avg      Stdev     99%   +/- Stdev
    Latency     1.96ms    2.72ms  17.07ms   94.87%
    Req/Sec   131.20    122.06   500.00     56.21%
  Latency Distribution (HdrHistogram - Recorded Latency)
 50.000%    1.27ms
 75.000%    1.75ms
 90.000%    2.75ms
 99.000%   17.07ms
 99.900%   27.63ms
 99.990%   32.48ms
 99.999%   37.63ms
100.000%   37.63ms

  Detailed Percentile spectrum:
       Value   Percentile   TotalCount 1/(1-Percentile)

       0.564     0.000000            1         1.00
       0.885     0.100000         4007         1.11
       0.984     0.200000         7984         1.25
       1.073     0.300000        11995         1.43
       1.166     0.400000        15951         1.67
       1.272     0.500000        19936         2.00
       1.332     0.550000        21932         2.22
       1.405     0.600000        23930         2.50
       1.491     0.650000        25921         2.86
       1.606     0.700000        27916         3.33
       1.749     0.750000        29901         4.00
       1.833     0.775000        30896         4.44
       1.933     0.800000        31897         5.00
       2.055     0.825000        32894         5.71
       2.207     0.850000        33889         6.67
       2.423     0.875000        34890         8.00
       2.573     0.887500        35385         8.89
       2.753     0.900000        35880        10.00
       2.991     0.912500        36377        11.43
       3.325     0.925000        36876        13.33
       3.845     0.937500        37376        16.00
       4.227     0.943750        37623        17.78
       4.815     0.950000        37872        20.00
       5.703     0.956250        38123        22.86
       6.735     0.962500        38371        26.67
       8.055     0.968750        38620        32.00
       8.791     0.971875        38744        35.56
       9.663     0.975000        38869        40.00
      10.855     0.978125        38993        45.71
      12.183     0.981250        39119        53.33
      13.767     0.984375        39244        64.00
      14.415     0.985938        39307        71.11
      15.367     0.987500        39367        80.00
      16.479     0.989062        39430        91.43
      17.535     0.990625        39492       106.67
      18.639     0.992188        39554       128.00
      19.231     0.992969        39585       142.22
      19.887     0.993750        39616       160.00
      20.783     0.994531        39647       182.86
      21.535     0.995313        39679       213.33
      22.239     0.996094        39710       256.00
      22.847     0.996484        39726       284.44
      23.439     0.996875        39741       320.00
      24.143     0.997266        39757       365.71
      24.831     0.997656        39772       426.67
      25.455     0.998047        39788       512.00
      25.791     0.998242        39795       568.89
      26.367     0.998437        39803       640.00
      26.831     0.998633        39811       731.43
      27.087     0.998828        39819       853.33
      27.807     0.999023        39827      1024.00
      28.079     0.999121        39831      1137.78
      28.351     0.999219        39834      1280.00
      28.591     0.999316        39838      1462.86
      29.007     0.999414        39842      1706.67
      29.359     0.999512        39846      2048.00
      29.407     0.999561        39848      2275.56
      29.567     0.999609        39850      2560.00
      30.031     0.999658        39852      2925.71
      31.343     0.999707        39854      3413.33
      31.871     0.999756        39856      4096.00
      32.255     0.999780        39858      4551.11
      32.255     0.999805        39858      5120.00
      32.287     0.999829        39860      5851.43
      32.287     0.999854        39860      6826.67
      32.479     0.999878        39861      8192.00
      32.479     0.999890        39861      9102.22
      34.879     0.999902        39862     10240.00
      34.879     0.999915        39862     11702.86
      35.039     0.999927        39863     13653.33
      35.039     0.999939        39863     16384.00
      35.039     0.999945        39863     18204.44
      35.455     0.999951        39864     20480.00
      35.455     0.999957        39864     23405.71
      35.455     0.999963        39864     27306.67
      35.455     0.999969        39864     32768.00
      35.455     0.999973        39864     36408.89
      37.631     0.999976        39865     40960.00
      37.631     1.000000        39865          inf
#[Mean    =        1.956, StdDeviation   =        2.718]
#[Max     =       37.600, Total count    =        39865]
#[Buckets =           27, SubBuckets     =         2048]
-----------------------------------------------------------------------
  59582 requests in 30.00s, 100.80MB read
  Socket errors: connect 0, read 0, write 0, timeout 6
Requests/sec:   1986.10  
Transfer/sec:      3.36MB