Test Results @ http://10.98.73.210:5000 
  Thread Stats   Avg      Stdev     99%   +/- Stdev
    Latency    31.26s    28.50s    2.04m    75.31%
    Req/Sec   243.96     81.21   442.00     69.27%
  Latency Distribution (HdrHistogram - Recorded Latency)
 50.000%   22.97s 
 75.000%   45.94s 
 90.000%    1.19m 
 99.000%    2.04m 
 99.900%    2.65m 
 99.990%    2.91m 
 99.999%    3.05m 
100.000%    3.07m 

  Detailed Percentile spectrum:
       Value   Percentile   TotalCount 1/(1-Percentile)

       0.178     0.000000            1         1.00
    3049.471     0.100000       113503         1.11
    7135.231     0.200000       226979         1.25
   11386.879     0.300000       340491         1.43
   16490.495     0.400000       453981         1.67
   22970.367     0.500000       567352         2.00
   26640.383     0.550000       624202         2.22
   30719.999     0.600000       680812         2.50
   35323.903     0.650000       737789         2.86
   40370.175     0.700000       794428         3.33
   45940.735     0.750000       851083         4.00
   49053.695     0.775000       879579         4.44
   52363.263     0.800000       907752         5.00
   56262.655     0.825000       936270         5.71
   60522.495     0.850000       964578         6.67
   65372.159     0.875000       992935         8.00
   68157.439     0.887500      1007247         8.89
   71368.703     0.900000      1021327        10.00
   75038.719     0.912500      1035520        11.43
   79036.415     0.925000      1049783        13.33
   83689.471     0.937500      1063871        16.00
   86310.911     0.943750      1071052        17.78
   89194.495     0.950000      1078018        20.00
   92602.367     0.956250      1085086        22.86
   96403.455     0.962500      1092175        26.67
  100466.687     0.968750      1099304        32.00
  102498.303     0.971875      1102819        35.56
  105054.207     0.975000      1106307        40.00
  107741.183     0.978125      1109868        45.71
  110755.839     0.981250      1113420        53.33
  114032.639     0.984375      1116987        64.00
  115998.719     0.985938      1118740        71.11
  118292.479     0.987500      1120496        80.00
  120782.847     0.989062      1122289        91.43
  123207.679     0.990625      1124034       106.67
  126418.943     0.992188      1125813       128.00
  128647.167     0.992969      1126712       142.22
  131137.535     0.993750      1127581       160.00
  133758.975     0.994531      1128482       182.86
  136708.095     0.995313      1129362       213.33
  140247.039     0.996094      1130240       256.00
  142737.407     0.996484      1130693       284.44
  144834.559     0.996875      1131137       320.00
  146800.639     0.997266      1131591       365.71
  148635.647     0.997656      1132027       426.67
  150601.727     0.998047      1132475       512.00
  151781.375     0.998242      1132697       568.89
  153223.167     0.998437      1132900       640.00
  154927.103     0.998633      1133125       731.43
  157155.327     0.998828      1133345       853.33
  158990.335     0.999023      1133568      1024.00
  160169.983     0.999121      1133680      1137.78
  161218.559     0.999219      1133787      1280.00
  162398.207     0.999316      1133896      1462.86
  163577.855     0.999414      1134013      1706.67
  164626.431     0.999512      1134120      2048.00
  165412.863     0.999561      1134172      2275.56
  166199.295     0.999609      1134229      2560.00
  167510.015     0.999658      1134283      2925.71
  169213.951     0.999707      1134342      3413.33
  170524.671     0.999756      1134397      4096.00
  171180.031     0.999780      1134427      4551.11
  171704.319     0.999805      1134449      5120.00
  172359.679     0.999829      1134479      5851.43
  173146.111     0.999854      1134508      6826.67
  173801.471     0.999878      1134532      8192.00
  174194.687     0.999890      1134546      9102.22
  174850.047     0.999902      1134563     10240.00
  175374.335     0.999915      1134574     11702.86
  176422.911     0.999927      1134588     13653.33
  178126.847     0.999939      1134603     16384.00
  178388.991     0.999945      1134608     18204.44
  179044.351     0.999951      1134616     20480.00
  179306.495     0.999957      1134623     23405.71
  179830.783     0.999963      1134629     27306.67
  181010.431     0.999969      1134636     32768.00
  181403.647     0.999973      1134639     36408.89
  181665.791     0.999976      1134644     40960.00
  181927.935     0.999979      1134647     46811.43
  182190.079     0.999982      1134651     54613.33
  182583.295     0.999985      1134656     65536.00
  182583.295     0.999986      1134656     72817.78
  182845.439     0.999988      1134657     81920.00
  183238.655     0.999989      1134659     93622.86
  183369.727     0.999991      1134661    109226.67
  183500.799     0.999992      1134667    131072.00
  183500.799     0.999993      1134667    145635.56
  183500.799     0.999994      1134667    163840.00
  183500.799     0.999995      1134667    187245.71
  183500.799     0.999995      1134667    218453.33
  183500.799     0.999996      1134667    262144.00
  183500.799     0.999997      1134667    291271.11
  183500.799     0.999997      1134667    327680.00
  183500.799     0.999997      1134667    374491.43
  183631.871     0.999998      1134668    436906.67
  183631.871     0.999998      1134668    524288.00
  183894.015     0.999998      1134669    582542.22
  183894.015     0.999998      1134669    655360.00
  183894.015     0.999999      1134669    748982.86
  183894.015     0.999999      1134669    873813.33
  183894.015     0.999999      1134669   1048576.00
  184025.087     0.999999      1134670   1165084.44
  184025.087     1.000000      1134670          inf
#[Mean    =    31262.544, StdDeviation   =    28504.038]
#[Max     =   183894.016, Total count    =      1134670]
#[Buckets =           27, SubBuckets     =         2048]
-----------------------------------------------------------------------
  1169692 requests in 5.00m, 1.79GB read
Requests/sec:   3898.42  
Transfer/sec:      6.12MB