Test Results @ http://10.105.106.204:5000 
  Thread Stats   Avg      Stdev     99%   +/- Stdev
    Latency     3.40s     1.53s    7.20s    66.33%
    Req/Sec   257.59      6.14   274.00     74.39%
  Latency Distribution (HdrHistogram - Recorded Latency)
 50.000%    3.26s 
 75.000%    4.44s 
 90.000%    5.48s 
 99.000%    7.20s 
 99.900%    8.09s 
 99.990%    9.04s 
 99.999%    9.48s 
100.000%    9.55s 

  Detailed Percentile spectrum:
       Value   Percentile   TotalCount 1/(1-Percentile)

      17.375     0.000000            1         1.00
    1490.943     0.100000         8185         1.11
    2023.423     0.200000        16367         1.25
    2469.887     0.300000        24550         1.43
    2873.343     0.400000        32751         1.67
    3260.415     0.500000        40913         2.00
    3471.359     0.550000        45014         2.22
    3694.591     0.600000        49120         2.50
    3934.207     0.650000        53219         2.86
    4184.063     0.700000        57291         3.33
    4440.063     0.750000        61379         4.00
    4579.327     0.775000        63439         4.44
    4718.591     0.800000        65480         5.00
    4882.431     0.825000        67524         5.71
    5058.559     0.850000        69566         6.67
    5259.263     0.875000        71606         8.00
    5369.855     0.887500        72657         8.89
    5480.447     0.900000        73651        10.00
    5607.423     0.912500        74665        11.43
    5746.687     0.925000        75719        13.33
    5902.335     0.937500        76735        16.00
    5988.351     0.943750        77222        17.78
    6090.751     0.950000        77735        20.00
    6213.631     0.956250        78262        22.86
    6340.607     0.962500        78763        26.67
    6496.255     0.968750        79268        32.00
    6578.175     0.971875        79523        35.56
    6664.191     0.975000        79792        40.00
    6742.015     0.978125        80038        45.71
    6836.223     0.981250        80293        53.33
    6955.007     0.984375        80548        64.00
    7012.351     0.985938        80681        71.11
    7077.887     0.987500        80805        80.00
    7155.711     0.989062        80933        91.43
    7233.535     0.990625        81059       106.67
    7319.551     0.992188        81185       128.00
    7368.703     0.992969        81254       142.22
    7413.759     0.993750        81314       160.00
    7471.103     0.994531        81378       182.86
    7520.255     0.995313        81443       213.33
    7589.887     0.996094        81507       256.00
    7630.847     0.996484        81537       284.44
    7684.095     0.996875        81570       320.00
    7720.959     0.997266        81602       365.71
    7778.303     0.997656        81633       426.67
    7856.127     0.998047        81665       512.00
    7880.703     0.998242        81681       568.89
    7917.567     0.998437        81697       640.00
    7966.719     0.998633        81714       731.43
    8015.871     0.998828        81729       853.33
    8093.695     0.999023        81745      1024.00
    8167.423     0.999121        81753      1137.78
    8237.055     0.999219        81761      1280.00
    8314.879     0.999316        81769      1462.86
    8364.031     0.999414        81777      1706.67
    8429.567     0.999512        81785      2048.00
    8478.719     0.999561        81789      2275.56
    8536.063     0.999609        81793      2560.00
    8601.599     0.999658        81797      2925.71
    8724.479     0.999707        81801      3413.33
    8773.631     0.999756        81805      4096.00
    8814.591     0.999780        81807      4551.11
    8822.783     0.999805        81810      5120.00
    8830.975     0.999829        81811      5851.43
    8863.743     0.999854        81813      6826.67
    8937.471     0.999878        81815      8192.00
    9035.775     0.999890        81816      9102.22
    9060.351     0.999902        81817     10240.00
    9125.887     0.999915        81818     11702.86
    9297.919     0.999927        81819     13653.33
    9363.455     0.999939        81820     16384.00
    9363.455     0.999945        81820     18204.44
    9404.415     0.999951        81821     20480.00
    9404.415     0.999957        81821     23405.71
    9453.567     0.999963        81822     27306.67
    9453.567     0.999969        81822     32768.00
    9453.567     0.999973        81822     36408.89
    9478.143     0.999976        81823     40960.00
    9478.143     0.999979        81823     46811.43
    9478.143     0.999982        81823     54613.33
    9478.143     0.999985        81823     65536.00
    9478.143     0.999986        81823     72817.78
    9551.871     0.999988        81824     81920.00
    9551.871     1.000000        81824          inf
#[Mean    =     3397.150, StdDeviation   =     1527.327]
#[Max     =     9543.680, Total count    =        81824]
#[Buckets =           27, SubBuckets     =         2048]
-----------------------------------------------------------------------
  122320 requests in 29.99s, 207.09MB read
Requests/sec:   4078.79  
Transfer/sec:      6.91MB