Test Results @ http://10.98.73.210:5000 
  Thread Stats   Avg      Stdev     99%   +/- Stdev
    Latency     3.13ms    7.63ms  38.27ms   90.02%
    Req/Sec   126.93     80.64   366.00     68.82%
  Latency Distribution (HdrHistogram - Recorded Latency)
 50.000%  500.00us
 75.000%  602.00us
 90.000%   10.72ms
 99.000%   38.27ms
 99.900%   53.69ms
 99.990%   61.95ms
 99.999%   66.82ms
100.000%   69.69ms

  Detailed Percentile spectrum:
       Value   Percentile   TotalCount 1/(1-Percentile)

       0.033     0.000000            1         1.00
       0.370     0.100000        58472         1.11
       0.411     0.200000       116201         1.25
       0.442     0.300000       175077         1.43
       0.471     0.400000       233367         1.67
       0.500     0.500000       291906         2.00
       0.515     0.550000       320189         2.22
       0.532     0.600000       349631         2.50
       0.550     0.650000       377890         2.86
       0.573     0.700000       407301         3.33
       0.602     0.750000       435501         4.00
       0.625     0.775000       450544         4.44
       0.660     0.800000       464620         5.00
       0.948     0.825000       478977         5.71
       3.417     0.850000       493489         6.67
       6.775     0.875000       508020         8.00
       8.671     0.887500       515285         8.89
      10.719     0.900000       522522        10.00
      12.895     0.912500       529783        11.43
      15.223     0.925000       537033        13.33
      17.903     0.937500       544326        16.00
      19.327     0.943750       547945        17.78
      20.863     0.950000       551572        20.00
      22.575     0.956250       555192        22.86
      24.495     0.962500       558805        26.67
      26.703     0.968750       562436        32.00
      27.935     0.971875       564251        35.56
      29.279     0.975000       566091        40.00
      30.735     0.978125       567879        45.71
      32.351     0.981250       569699        53.33
      34.207     0.984375       571531        64.00
      35.167     0.985938       572436        71.11
      36.255     0.987500       573336        80.00
      37.503     0.989062       574239        91.43
      38.911     0.990625       575152       106.67
      40.319     0.992188       576051       128.00
      41.055     0.992969       576505       142.22
      41.951     0.993750       576950       160.00
      42.911     0.994531       577417       182.86
      43.903     0.995313       577856       213.33
      45.151     0.996094       578317       256.00
      45.855     0.996484       578542       284.44
      46.687     0.996875       578764       320.00
      47.583     0.997266       578988       365.71
      48.543     0.997656       579218       426.67
      49.663     0.998047       579442       512.00
      50.367     0.998242       579559       568.89
      51.071     0.998437       579668       640.00
      51.871     0.998633       579785       731.43
      52.735     0.998828       579895       853.33
      53.855     0.999023       580010      1024.00
      54.399     0.999121       580065      1137.78
      55.007     0.999219       580122      1280.00
      55.679     0.999316       580179      1462.86
      56.255     0.999414       580236      1706.67
      57.087     0.999512       580294      2048.00
      57.439     0.999561       580323      2275.56
      57.791     0.999609       580350      2560.00
      58.271     0.999658       580377      2925.71
      58.783     0.999707       580405      3413.33
      59.423     0.999756       580434      4096.00
      59.711     0.999780       580450      4551.11
      59.999     0.999805       580462      5120.00
      60.351     0.999829       580476      5851.43
      60.639     0.999854       580491      6826.67
      61.215     0.999878       580505      8192.00
      61.599     0.999890       580513      9102.22
      61.983     0.999902       580519     10240.00
      62.367     0.999915       580526     11702.86
      63.103     0.999927       580534     13653.33
      63.647     0.999939       580540     16384.00
      63.839     0.999945       580545     18204.44
      64.287     0.999951       580548     20480.00
      64.575     0.999957       580551     23405.71
      64.799     0.999963       580554     27306.67
      65.023     0.999969       580559     32768.00
      65.439     0.999973       580560     36408.89
      65.471     0.999976       580561     40960.00
      65.855     0.999979       580564     46811.43
      66.239     0.999982       580565     54613.33
      66.495     0.999985       580567     65536.00
      66.623     0.999986       580568     72817.78
      66.623     0.999988       580568     81920.00
      66.815     0.999989       580569     93622.86
      67.135     0.999991       580570    109226.67
      67.583     0.999992       580571    131072.00
      68.031     0.999993       580572    145635.56
      68.031     0.999994       580572    163840.00
      68.031     0.999995       580572    187245.71
      68.735     0.999995       580573    218453.33
      68.735     0.999996       580573    262144.00
      69.567     0.999997       580574    291271.11
      69.567     0.999997       580574    327680.00
      69.567     0.999997       580574    374491.43
      69.567     0.999998       580574    436906.67
      69.567     0.999998       580574    524288.00
      69.695     0.999998       580575    582542.22
      69.695     1.000000       580575          inf
#[Mean    =        3.127, StdDeviation   =        7.626]
#[Max     =       69.632, Total count    =       580575]
#[Buckets =           27, SubBuckets     =         2048]
-----------------------------------------------------------------------
  600085 requests in 5.00m, 0.92GB read
  Socket errors: connect 0, read 0, write 0, timeout 28
Requests/sec:   2000.23  
Transfer/sec:      3.14MB