Test Results @ http://10.98.73.210:5000 
  Thread Stats   Avg      Stdev     99%   +/- Stdev
    Latency   549.55us  406.77us   0.87ms   99.28%
    Req/Sec    66.44     83.13   333.00     86.91%
  Latency Distribution (HdrHistogram - Recorded Latency)
 50.000%  533.00us
 75.000%  586.00us
 90.000%  629.00us
 99.000%    0.87ms
 99.900%    6.73ms
 99.990%   16.93ms
 99.999%   22.75ms
100.000%   24.61ms

  Detailed Percentile spectrum:
       Value   Percentile   TotalCount 1/(1-Percentile)

       0.088     0.000000            1         1.00
       0.425     0.100000        29380         1.11
       0.462     0.200000        58108         1.25
       0.489     0.300000        86938         1.43
       0.512     0.400000       116447         1.67
       0.533     0.500000       144906         2.00
       0.543     0.550000       159138         2.22
       0.553     0.600000       173932         2.50
       0.563     0.650000       187636         2.86
       0.575     0.700000       202461         3.33
       0.586     0.750000       216568         4.00
       0.592     0.775000       224434         4.44
       0.597     0.800000       230732         5.00
       0.604     0.825000       238350         5.71
       0.612     0.850000       245572         6.67
       0.621     0.875000       253150         8.00
       0.625     0.887500       256614         8.89
       0.629     0.900000       259808        10.00
       0.634     0.912500       263370        11.43
       0.640     0.925000       266935        13.33
       0.648     0.937500       270491        16.00
       0.653     0.943750       272297        17.78
       0.658     0.950000       273950        20.00
       0.664     0.956250       275839        22.86
       0.671     0.962500       277584        26.67
       0.680     0.968750       279369        32.00
       0.686     0.971875       280270        35.56
       0.694     0.975000       281197        40.00
       0.704     0.978125       282102        45.71
       0.717     0.981250       282970        53.33
       0.740     0.984375       283865        64.00
       0.759     0.985938       284309        71.11
       0.791     0.987500       284752        80.00
       0.843     0.989062       285202        91.43
       0.893     0.990625       285648       106.67
       0.939     0.992188       286110       128.00
       0.962     0.992969       286327       142.22
       0.987     0.993750       286558       160.00
       1.018     0.994531       286774       182.86
       1.060     0.995313       287003       213.33
       1.188     0.996094       287224       256.00
       1.351     0.996484       287337       284.44
       1.564     0.996875       287449       320.00
       2.057     0.997266       287562       365.71
       2.703     0.997656       287675       426.67
       3.409     0.998047       287787       512.00
       3.991     0.998242       287844       568.89
       4.455     0.998437       287900       640.00
       5.047     0.998633       287956       731.43
       5.999     0.998828       288013       853.33
       6.943     0.999023       288069      1024.00
       7.407     0.999121       288097      1137.78
       7.899     0.999219       288125      1280.00
       8.679     0.999316       288153      1462.86
       9.391     0.999414       288182      1706.67
      10.255     0.999512       288210      2048.00
      10.919     0.999561       288224      2275.56
      11.911     0.999609       288238      2560.00
      12.615     0.999658       288252      2925.71
      13.191     0.999707       288266      3413.33
      13.855     0.999756       288280      4096.00
      14.095     0.999780       288288      4551.11
      14.471     0.999805       288294      5120.00
      14.839     0.999829       288301      5851.43
      15.599     0.999854       288308      6826.67
      16.687     0.999878       288315      8192.00
      16.863     0.999890       288319      9102.22
      17.183     0.999902       288322     10240.00
      17.487     0.999915       288326     11702.86
      18.079     0.999927       288329     13653.33
      19.343     0.999939       288333     16384.00
      19.647     0.999945       288335     18204.44
      19.759     0.999951       288336     20480.00
      20.255     0.999957       288338     23405.71
      20.943     0.999963       288340     27306.67
      21.151     0.999969       288343     32768.00
      21.151     0.999973       288343     36408.89
      21.151     0.999976       288343     40960.00
      21.311     0.999979       288344     46811.43
      21.727     0.999982       288345     54613.33
      22.255     0.999985       288346     65536.00
      22.751     0.999986       288347     72817.78
      22.751     0.999988       288347     81920.00
      22.751     0.999989       288347     93622.86
      23.983     0.999991       288348    109226.67
      23.983     0.999992       288348    131072.00
      24.335     0.999993       288349    145635.56
      24.335     0.999994       288349    163840.00
      24.335     0.999995       288349    187245.71
      24.335     0.999995       288349    218453.33
      24.335     0.999996       288349    262144.00
      24.607     0.999997       288350    291271.11
      24.607     1.000000       288350          inf
#[Mean    =        0.550, StdDeviation   =        0.407]
#[Max     =       24.592, Total count    =       288350]
#[Buckets =           27, SubBuckets     =         2048]
-----------------------------------------------------------------------
  298197 requests in 5.00m, 468.38MB read
  Socket errors: connect 0, read 0, write 0, timeout 1346
Requests/sec:    993.94  
Transfer/sec:      1.56MB
