Test Results @ http://10.98.73.210:5000 
  Thread Stats   Avg      Stdev     99%   +/- Stdev
    Latency     3.51ms    8.18ms  40.58ms   89.04%
    Req/Sec   126.90     88.01   391.00     72.24%
  Latency Distribution (HdrHistogram - Recorded Latency)
 50.000%  496.00us
 75.000%  608.00us
 90.000%   13.28ms
 99.000%   40.58ms
 99.900%   52.42ms
 99.990%   58.40ms
 99.999%   60.77ms
100.000%   60.77ms

  Detailed Percentile spectrum:
       Value   Percentile   TotalCount 1/(1-Percentile)

       0.068     0.000000            1         1.00
       0.371     0.100000         4010         1.11
       0.408     0.200000         8035         1.25
       0.438     0.300000        12047         1.43
       0.467     0.400000        16030         1.67
       0.496     0.500000        19930         2.00
       0.513     0.550000        22027         2.22
       0.530     0.600000        23938         2.50
       0.549     0.650000        25923         2.86
       0.574     0.700000        27930         3.33
       0.608     0.750000        29932         4.00
       0.639     0.775000        30906         4.44
       0.762     0.800000        31883         5.00
       2.479     0.825000        32879         5.71
       5.695     0.850000        33876         6.67
       9.175     0.875000        34872         8.00
      11.095     0.887500        35370         8.89
      13.279     0.900000        35868        10.00
      15.415     0.912500        36368        11.43
      17.599     0.925000        36866        13.33
      20.095     0.937500        37365        16.00
      21.423     0.943750        37614        17.78
      22.863     0.950000        37861        20.00
      24.399     0.956250        38111        22.86
      26.063     0.962500        38362        26.67
      28.207     0.968750        38609        32.00
      29.279     0.971875        38733        35.56
      30.687     0.975000        38858        40.00
      31.967     0.978125        38982        45.71
      33.951     0.981250        39106        53.33
      35.999     0.984375        39232        64.00
      37.023     0.985938        39293        71.11
      38.303     0.987500        39355        80.00
      39.775     0.989062        39418        91.43
      41.215     0.990625        39481       106.67
      42.719     0.992188        39542       128.00
      43.807     0.992969        39574       142.22
      44.543     0.993750        39605       160.00
      45.631     0.994531        39637       182.86
      46.559     0.995313        39667       213.33
      47.679     0.996094        39700       256.00
      48.159     0.996484        39713       284.44
      48.575     0.996875        39730       320.00
      49.023     0.997266        39746       365.71
      49.535     0.997656        39760       426.67
      50.367     0.998047        39776       512.00
      50.751     0.998242        39785       568.89
      51.167     0.998437        39792       640.00
      51.679     0.998633        39800       731.43
      51.967     0.998828        39807       853.33
      52.607     0.999023        39815      1024.00
      52.863     0.999121        39818      1137.78
      53.215     0.999219        39822      1280.00
      53.471     0.999316        39826      1462.86
      53.887     0.999414        39830      1706.67
      54.399     0.999512        39834      2048.00
      54.783     0.999561        39836      2275.56
      55.071     0.999609        39838      2560.00
      55.487     0.999658        39840      2925.71
      55.583     0.999707        39842      3413.33
      55.839     0.999756        39844      4096.00
      56.095     0.999780        39846      4551.11
      56.095     0.999805        39846      5120.00
      56.447     0.999829        39847      5851.43
      56.735     0.999854        39848      6826.67
      58.399     0.999878        39849      8192.00
      58.399     0.999890        39849      9102.22
      58.495     0.999902        39850     10240.00
      58.495     0.999915        39850     11702.86
      59.231     0.999927        39851     13653.33
      59.231     0.999939        39851     16384.00
      59.231     0.999945        39851     18204.44
      60.543     0.999951        39852     20480.00
      60.543     0.999957        39852     23405.71
      60.543     0.999963        39852     27306.67
      60.543     0.999969        39852     32768.00
      60.543     0.999973        39852     36408.89
      60.767     0.999976        39853     40960.00
      60.767     1.000000        39853          inf
#[Mean    =        3.513, StdDeviation   =        8.177]
#[Max     =       60.736, Total count    =        39853]
#[Buckets =           27, SubBuckets     =         2048]
-----------------------------------------------------------------------
  59232 requests in 30.02s, 93.04MB read
  Socket errors: connect 0, read 0, write 0, timeout 4
Requests/sec:   1972.97  
Transfer/sec:      3.10MB