  Detailed Percentile spectrum:
       Value   Percentile   TotalCount 1/(1-Percentile)

       0.206     0.000000            1         1.00
     231.551     0.100000         7395         1.11
     955.903     0.200000        14789         1.25
    1796.095     0.300000        22181         1.43
    2734.079     0.400000        29569         1.67
    3743.743     0.500000        36968         2.00
    4272.127     0.550000        40659         2.22
    4837.375     0.600000        44357         2.50
    5443.583     0.650000        48050         2.86
    6090.751     0.700000        51751         3.33
    6807.551     0.750000        55443         4.00
    7229.439     0.775000        57306         4.44
    7679.999     0.800000        59144         5.00
    8167.423     0.825000        60998         5.71
    8699.903     0.850000        62859         6.67
    9314.303     0.875000        64686         8.00
    9650.175     0.887500        65616         8.89
   10059.775     0.900000        66554        10.00
   10485.759     0.912500        67458        11.43
   10960.895     0.925000        68382        13.33
   11567.103     0.937500        69314        16.00
   11902.975     0.943750        69770        17.78
   12247.039     0.950000        70228        20.00
   12689.407     0.956250        70688        22.86
   13172.735     0.962500        71153        26.67
   13721.599     0.968750        71614        32.00
   14024.703     0.971875        71844        35.56
   14344.191     0.975000        72076        40.00
   14745.599     0.978125        72309        45.71
   15237.119     0.981250        72540        53.33
   15802.367     0.984375        72768        64.00
   16130.047     0.985938        72885        71.11
   16416.767     0.987500        72999        80.00
   16842.751     0.989062        73118        91.43
   17334.271     0.990625        73233       106.67
   17825.791     0.992188        73347       128.00
   18055.167     0.992969        73403       142.22
   18366.463     0.993750        73466       160.00
   18661.375     0.994531        73521       182.86
   19021.823     0.995313        73577       213.33
   19333.119     0.996094        73635       256.00
   19578.879     0.996484        73666       284.44
   19726.335     0.996875        73692       320.00
   19906.559     0.997266        73720       365.71
   20119.551     0.997656        73751       426.67
   20398.079     0.998047        73779       512.00
   20529.151     0.998242        73794       568.89
   20611.071     0.998437        73807       640.00
   20758.527     0.998633        73821       731.43
   20905.983     0.998828        73837       853.33
   21053.439     0.999023        73850      1024.00
   21135.359     0.999121        73858      1137.78
   21250.047     0.999219        73865      1280.00
   21348.351     0.999316        73873      1462.86
   21413.887     0.999414        73879      1706.67
   21741.567     0.999512        73886      2048.00
   21839.871     0.999561        73891      2275.56
   21889.023     0.999609        73896      2560.00
   21905.407     0.999658        73897      2925.71
   22167.551     0.999707        73901      3413.33
   22626.303     0.999756        73904      4096.00
   22724.607     0.999780        73906      4551.11
   22773.759     0.999805        73908      5120.00
   23085.055     0.999829        73910      5851.43
   23183.359     0.999854        73912      6826.67
   23330.815     0.999878        73913      8192.00
   23396.351     0.999890        73914      9102.22
   23461.887     0.999902        73915     10240.00
   23560.191     0.999915        73916     11702.86
   23576.575     0.999927        73917     13653.33
   23674.879     0.999939        73918     16384.00
   23674.879     0.999945        73918     18204.44
   23937.023     0.999951        73919     20480.00
   23937.023     0.999957        73919     23405.71
   23953.407     0.999963        73920     27306.67
   23953.407     0.999969        73920     32768.00
   23953.407     0.999973        73920     36408.89
   24199.167     0.999976        73921     40960.00
   24199.167     0.999979        73921     46811.43
   24199.167     0.999982        73921     54613.33
   24199.167     0.999985        73921     65536.00
   24199.167     0.999986        73921     72817.78
   24231.935     0.999988        73922     81920.00
   24231.935     1.000000        73922          inf
#[Mean    =     4587.031, StdDeviation   =     3967.828]
#[Max     =    24215.552, Total count    =        73922]
#[Buckets =           27, SubBuckets     =         2048]
-----------------------------------------------------------------------
  108884 requests in 30.03s, 171.05MB read
Requests/sec:   3625.55  
Transfer/sec:      5.70MB