Test Results @ http://10.105.106.204:5000 
  Thread Stats   Avg      Stdev     99%   +/- Stdev
    Latency     2.02ms    2.93ms  17.79ms   94.79%
    Req/Sec   131.60    123.09   500.00     56.05%
  Latency Distribution (HdrHistogram - Recorded Latency)
 50.000%    1.27ms
 75.000%    1.77ms
 90.000%    2.91ms
 99.000%   17.79ms
 99.900%   30.94ms
 99.990%   39.55ms
 99.999%   48.54ms
100.000%   52.26ms

  Detailed Percentile spectrum:
       Value   Percentile   TotalCount 1/(1-Percentile)

       0.256     0.000000            1         1.00
       0.889     0.100000        58550         1.11
       0.985     0.200000       116596         1.25
       1.073     0.300000       174447         1.43
       1.167     0.400000       232367         1.67
       1.275     0.500000       290764         2.00
       1.337     0.550000       319527         2.22
       1.412     0.600000       348359         2.50
       1.506     0.650000       377659         2.86
       1.623     0.700000       406620         3.33
       1.772     0.750000       435586         4.00
       1.864     0.775000       450066         4.44
       1.973     0.800000       464537         5.00
       2.111     0.825000       479108         5.71
       2.285     0.850000       493559         6.67
       2.531     0.875000       508058         8.00
       2.701     0.887500       515313         8.89
       2.911     0.900000       522573        10.00
       3.189     0.912500       529797        11.43
       3.567     0.925000       537058        13.33
       4.155     0.937500       544328        16.00
       4.575     0.943750       547937        17.78
       5.179     0.950000       551570        20.00
       6.007     0.956250       555202        22.86
       7.091     0.962500       558823        26.67
       8.535     0.968750       562459        32.00
       9.423     0.971875       564266        35.56
      10.447     0.975000       566093        40.00
      11.583     0.978125       567896        45.71
      12.911     0.981250       569714        53.33
      14.439     0.984375       571528        64.00
      15.303     0.985938       572431        71.11
      16.183     0.987500       573342        80.00
      17.167     0.989062       574253        91.43
      18.255     0.990625       575159       106.67
      19.487     0.992188       576073       128.00
      20.143     0.992969       576520       142.22
      20.863     0.993750       576968       160.00
      21.631     0.994531       577421       182.86
      22.639     0.995313       577876       213.33
      23.759     0.996094       578331       256.00
      24.351     0.996484       578554       284.44
      25.007     0.996875       578784       320.00
      25.759     0.997266       579008       365.71
      26.559     0.997656       579239       426.67
      27.519     0.998047       579463       512.00
      28.047     0.998242       579576       568.89
      28.639     0.998437       579691       640.00
      29.359     0.998633       579803       731.43
      30.191     0.998828       579917       853.33
      31.119     0.999023       580030      1024.00
      31.567     0.999121       580086      1137.78
      32.015     0.999219       580143      1280.00
      32.607     0.999316       580199      1462.86
      33.311     0.999414       580255      1706.67
      33.951     0.999512       580316      2048.00
      34.335     0.999561       580341      2275.56
      34.847     0.999609       580371      2560.00
      35.391     0.999658       580397      2925.71
      35.967     0.999707       580425      3413.33
      36.639     0.999756       580454      4096.00
      36.991     0.999780       580468      4551.11
      37.439     0.999805       580482      5120.00
      37.983     0.999829       580497      5851.43
      38.463     0.999854       580511      6826.67
      39.103     0.999878       580525      8192.00
      39.327     0.999890       580532      9102.22
      39.647     0.999902       580539     10240.00
      39.999     0.999915       580546     11702.86
      40.831     0.999927       580553     13653.33
      41.279     0.999939       580560     16384.00
      41.951     0.999945       580564     18204.44
      42.303     0.999951       580567     20480.00
      42.943     0.999957       580571     23405.71
      43.807     0.999963       580574     27306.67
      44.831     0.999969       580578     32768.00
      45.599     0.999973       580580     36408.89
      45.663     0.999976       580581     40960.00
      46.975     0.999979       580583     46811.43
      48.031     0.999982       580585     54613.33
      48.351     0.999985       580587     65536.00
      48.383     0.999986       580588     72817.78
      48.383     0.999988       580588     81920.00
      48.543     0.999989       580589     93622.86
      49.631     0.999991       580590    109226.67
      50.175     0.999992       580591    131072.00
      50.239     0.999993       580592    145635.56
      50.239     0.999994       580592    163840.00
      50.239     0.999995       580592    187245.71
      50.463     0.999995       580593    218453.33
      50.463     0.999996       580593    262144.00
      51.135     0.999997       580594    291271.11
      51.135     0.999997       580594    327680.00
      51.135     0.999997       580594    374491.43
      51.135     0.999998       580594    436906.67
      51.135     0.999998       580594    524288.00
      52.255     0.999998       580595    582542.22
      52.255     1.000000       580595          inf
#[Mean    =        2.019, StdDeviation   =        2.928]
#[Max     =       52.224, Total count    =       580595]
#[Buckets =           27, SubBuckets     =         2048]
-----------------------------------------------------------------------
  600203 requests in 5.00m, 0.99GB read
  Socket errors: connect 0, read 0, write 0, timeout 28
Requests/sec:   2000.62  
Transfer/sec:      3.38MB