Test Results @ http://10.105.106.204:5000 
  Thread Stats   Avg      Stdev     99%   +/- Stdev
    Latency    24.66s    13.89s    0.89m    60.41%
    Req/Sec   261.82      7.77   278.00     72.68%
  Latency Distribution (HdrHistogram - Recorded Latency)
 50.000%   24.18s 
 75.000%   35.82s 
 90.000%   43.61s 
 99.000%    0.89m 
 99.900%    0.99m 
 99.990%    1.07m 
 99.999%    1.09m 
100.000%    1.09m 

  Detailed Percentile spectrum:
       Value   Percentile   TotalCount 1/(1-Percentile)

       8.639     0.000000            1         1.00
    5836.799     0.100000       121695         1.11
   10682.367     0.200000       243367         1.25
   15343.615     0.300000       364994         1.43
   19693.567     0.400000       486842         1.67
   24182.783     0.500000       608516         2.00
   26492.927     0.550000       669390         2.22
   28819.455     0.600000       730258         2.50
   31096.831     0.650000       790943         2.86
   33456.127     0.700000       851816         3.33
   35815.423     0.750000       912690         4.00
   37060.607     0.775000       943246         4.44
   38240.255     0.800000       973189         5.00
   39550.975     0.825000      1004250         5.71
   40861.695     0.850000      1034491         6.67
   42237.951     0.875000      1064946         8.00
   42926.079     0.887500      1079970         8.89
   43614.207     0.900000      1095010        10.00
   44400.639     0.912500      1110111        11.43
   45318.143     0.925000      1125382        13.33
   46268.415     0.937500      1140502        16.00
   46825.471     0.943750      1148285        17.78
   47415.295     0.950000      1155743        20.00
   48070.655     0.956250      1163631        22.86
   48726.015     0.962500      1171000        26.67
   49446.911     0.968750      1178730        32.00
   49807.359     0.971875      1182385        35.56
   50266.111     0.975000      1186092        40.00
   50757.631     0.978125      1189987        45.71
   51314.687     0.981250      1193783        53.33
   51937.279     0.984375      1197547        64.00
   52264.959     0.985938      1199357        71.11
   52658.175     0.987500      1201411        80.00
   53018.623     0.989062      1203300        91.43
   53411.839     0.990625      1205060       106.67
   54001.663     0.992188      1207006       128.00
   54329.343     0.992969      1207935       142.22
   54689.791     0.993750      1208911       160.00
   55083.007     0.994531      1209823       182.86
   55541.759     0.995313      1210834       213.33
   56000.511     0.996094      1211740       256.00
   56262.655     0.996484      1212224       284.44
   56557.567     0.996875      1212701       320.00
   56918.015     0.997266      1213176       365.71
   57278.463     0.997656      1213631       426.67
   57671.679     0.998047      1214129       512.00
   57901.055     0.998242      1214346       568.89
   58163.199     0.998437      1214587       640.00
   58425.343     0.998633      1214800       731.43
   58785.791     0.998828      1215053       853.33
   59179.007     0.999023      1215274      1024.00
   59408.383     0.999121      1215398      1137.78
   59703.295     0.999219      1215515      1280.00
   59965.439     0.999316      1215633      1462.86
   60391.423     0.999414      1215757      1706.67
   60850.175     0.999512      1215872      2048.00
   60981.247     0.999561      1215927      2275.56
   61341.695     0.999609      1215989      2560.00
   61636.607     0.999658      1216048      2925.71
   61964.287     0.999707      1216105      3413.33
   62423.039     0.999756      1216166      4096.00
   62619.647     0.999780      1216196      4551.11
   62914.559     0.999805      1216223      5120.00
   63209.471     0.999829      1216256      5851.43
   63438.847     0.999854      1216285      6826.67
   63700.991     0.999878      1216312      8192.00
   63897.599     0.999890      1216329      9102.22
   63995.903     0.999902      1216346     10240.00
   64061.439     0.999915      1216358     11702.86
   64225.279     0.999927      1216371     13653.33
   64487.423     0.999939      1216388     16384.00
   64552.959     0.999945      1216395     18204.44
   64716.799     0.999951      1216401     20480.00
   64782.335     0.999957      1216409     23405.71
   64847.871     0.999963      1216418     27306.67
   64913.407     0.999969      1216424     32768.00
   64946.175     0.999973      1216427     36408.89
   64978.943     0.999976      1216432     40960.00
   65011.711     0.999979      1216436     46811.43
   65044.479     0.999982      1216439     54613.33
   65110.015     0.999985      1216442     65536.00
   65175.551     0.999986      1216447     72817.78
   65175.551     0.999988      1216447     81920.00
   65208.319     0.999989      1216448     93622.86
   65241.087     0.999991      1216454    109226.67
   65241.087     0.999992      1216454    131072.00
   65241.087     0.999993      1216454    145635.56
   65241.087     0.999994      1216454    163840.00
   65241.087     0.999995      1216454    187245.71
   65273.855     0.999995      1216456    218453.33
   65273.855     0.999996      1216456    262144.00
   65273.855     0.999997      1216456    291271.11
   65306.623     0.999997      1216457    327680.00
   65306.623     0.999997      1216457    374491.43
   65339.391     0.999998      1216458    436906.67
   65339.391     0.999998      1216458    524288.00
   65339.391     0.999998      1216458    582542.22
   65372.159     0.999998      1216460    655360.00
   65372.159     1.000000      1216460          inf
#[Mean    =    24664.210, StdDeviation   =    13889.467]
#[Max     =    65339.392, Total count    =      1216460]
#[Buckets =           27, SubBuckets     =         2048]
-----------------------------------------------------------------------
  1257471 requests in 5.00m, 2.08GB read
Requests/sec:   4191.19  
Transfer/sec:      7.10MB
