Test Results @ http://10.105.106.204:5000 
  Thread Stats   Avg      Stdev     99%   +/- Stdev
    Latency     1.47ms  438.52us   3.02ms   77.66%
    Req/Sec    65.49     82.94   333.00     86.81%
  Latency Distribution (HdrHistogram - Recorded Latency)
 50.000%    1.37ms
 75.000%    1.66ms
 90.000%    2.01ms
 99.000%    3.02ms
 99.900%    4.21ms
 99.990%    4.81ms
 99.999%    5.10ms
100.000%    5.10ms

  Detailed Percentile spectrum:
       Value   Percentile   TotalCount 1/(1-Percentile)

       0.647     0.000000            1         1.00
       1.041     0.100000         1999         1.11
       1.145     0.200000         3985         1.25
       1.219     0.300000         5970         1.43
       1.293     0.400000         7959         1.67
       1.369     0.500000         9942         2.00
       1.413     0.550000        10933         2.22
       1.460     0.600000        11936         2.50
       1.515     0.650000        12920         2.86
       1.581     0.700000        13913         3.33
       1.658     0.750000        14914         4.00
       1.702     0.775000        15410         4.44
       1.747     0.800000        15900         5.00
       1.799     0.825000        16394         5.71
       1.860     0.850000        16897         6.67
       1.927     0.875000        17388         8.00
       1.970     0.887500        17639         8.89
       2.010     0.900000        17883        10.00
       2.059     0.912500        18135        11.43
       2.123     0.925000        18385        13.33
       2.195     0.937500        18634        16.00
       2.237     0.943750        18756        17.78
       2.281     0.950000        18877        20.00
       2.343     0.956250        19000        22.86
       2.409     0.962500        19125        26.67
       2.485     0.968750        19251        32.00
       2.541     0.971875        19314        35.56
       2.595     0.975000        19374        40.00
       2.665     0.978125        19435        45.71
       2.737     0.981250        19497        53.33
       2.827     0.984375        19560        64.00
       2.879     0.985938        19590        71.11
       2.949     0.987500        19621        80.00
       2.995     0.989062        19657        91.43
       3.079     0.990625        19683       106.67
       3.187     0.992188        19714       128.00
       3.243     0.992969        19730       142.22
       3.309     0.993750        19745       160.00
       3.373     0.994531        19761       182.86
       3.429     0.995313        19776       213.33
       3.531     0.996094        19792       256.00
       3.575     0.996484        19800       284.44
       3.637     0.996875        19807       320.00
       3.711     0.997266        19816       365.71
       3.757     0.997656        19823       426.67
       3.871     0.998047        19832       512.00
       3.893     0.998242        19835       568.89
       3.939     0.998437        19838       640.00
       4.069     0.998633        19842       731.43
       4.131     0.998828        19846       853.33
       4.211     0.999023        19850      1024.00
       4.215     0.999121        19852      1137.78
       4.223     0.999219        19854      1280.00
       4.275     0.999316        19856      1462.86
       4.287     0.999414        19859      1706.67
       4.339     0.999512        19860      2048.00
       4.351     0.999561        19862      2275.56
       4.351     0.999609        19862      2560.00
       4.387     0.999658        19863      2925.71
       4.463     0.999707        19864      3413.33
       4.603     0.999756        19865      4096.00
       4.603     0.999780        19865      4551.11
       4.707     0.999805        19866      5120.00
       4.707     0.999829        19866      5851.43
       4.807     0.999854        19867      6826.67
       4.807     0.999878        19867      8192.00
       4.807     0.999890        19867      9102.22
       4.935     0.999902        19868     10240.00
       4.935     0.999915        19868     11702.86
       4.935     0.999927        19868     13653.33
       4.935     0.999939        19868     16384.00
       4.935     0.999945        19868     18204.44
       5.099     0.999951        19869     20480.00
       5.099     1.000000        19869          inf
#[Mean    =        1.471, StdDeviation   =        0.439]
#[Max     =        5.096, Total count    =        19869]
#[Buckets =           27, SubBuckets     =         2048]
-----------------------------------------------------------------------
  29653 requests in 30.00s, 50.17MB read
Requests/sec:    988.29  
Transfer/sec:      1.67MB