       Value   Percentile   TotalCount 1/(1-Percentile)

      13.583     0.000000            1         1.00
      28.255     0.100000        11534         1.11
      36.095     0.200000        23083         1.25
      48.383     0.300000        34572         1.43
     414.463     0.400000        46102         1.67
     823.295     0.500000        57623         2.00
    1027.583     0.550000        63388         2.22
    1242.111     0.600000        69159         2.50
    1440.767     0.650000        74906         2.86
    1642.495     0.700000        80680         3.33
    1853.439     0.750000        86433         4.00
    1953.791     0.775000        89323         4.44
    2060.287     0.800000        92203         5.00
    2172.927     0.825000        95123         5.71
    2279.423     0.850000        97979         6.67
    2387.967     0.875000       100884         8.00
    2437.119     0.887500       102303         8.89
    2484.223     0.900000       103760        10.00
    2527.231     0.912500       105158        11.43
    2570.239     0.925000       106605        13.33
    2617.343     0.937500       108079        16.00
    2643.967     0.943750       108797        17.78
    2670.591     0.950000       109502        20.00
    2701.311     0.956250       110236        22.86
    2738.175     0.962500       110931        26.67
    2789.375     0.968750       111643        32.00
    2828.287     0.971875       112009        35.56
    2875.391     0.975000       112370        40.00
    2934.783     0.978125       112718        45.71
    3016.703     0.981250       113079        53.33
    3119.103     0.984375       113441        64.00
    3178.495     0.985938       113619        71.11
    3231.743     0.987500       113804        80.00
    3282.943     0.989062       113982        91.43
    3325.951     0.990625       114161       106.67
    3371.007     0.992188       114349       128.00
    3391.487     0.992969       114437       142.22
    3411.967     0.993750       114526       160.00
    3432.447     0.994531       114617       182.86
    3452.927     0.995313       114699       213.33
    3481.599     0.996094       114791       256.00
    3495.935     0.996484       114837       284.44
    3512.319     0.996875       114882       320.00
    3528.703     0.997266       114926       365.71
    3543.039     0.997656       114968       426.67
    3563.519     0.998047       115014       512.00
    3577.855     0.998242       115038       568.89
    3586.047     0.998437       115060       640.00
    3596.287     0.998633       115083       731.43
    3610.623     0.998828       115105       853.33
    3622.911     0.999023       115127      1024.00
    3627.007     0.999121       115137      1137.78
    3635.199     0.999219       115150      1280.00
    3645.439     0.999316       115161      1462.86
    3653.631     0.999414       115172      1706.67
    3661.823     0.999512       115182      2048.00
    3672.063     0.999561       115189      2275.56
    3676.159     0.999609       115193      2560.00
    3690.495     0.999658       115199      2925.71
    3696.639     0.999707       115205      3413.33
    3708.927     0.999756       115211      4096.00
    3710.975     0.999780       115213      4551.11
    3719.167     0.999805       115216      5120.00
    3723.263     0.999829       115220      5851.43
    3731.455     0.999854       115222      6826.67
    3741.695     0.999878       115224      8192.00
    3749.887     0.999890       115226      9102.22
    3756.031     0.999902       115227     10240.00
    3764.223     0.999915       115229     11702.86
    3768.319     0.999927       115230     13653.33
    3770.367     0.999939       115231     16384.00
    3776.511     0.999945       115232     18204.44
    3780.607     0.999951       115233     20480.00
    3784.703     0.999957       115235     23405.71
    3784.703     0.999963       115235     27306.67
    3784.703     0.999969       115235     32768.00
    3784.703     0.999973       115235     36408.89
    3790.847     0.999976       115237     40960.00
    3790.847     0.999979       115237     46811.43
    3790.847     0.999982       115237     54613.33
    3790.847     0.999985       115237     65536.00
    3790.847     0.999986       115237     72817.78
    3790.847     0.999988       115237     81920.00
    3790.847     0.999989       115237     93622.86
    3790.847     0.999991       115237    109226.67
    3792.895     0.999992       115238    131072.00
    3792.895     1.000000       115238          inf
#[Mean    =     1030.392, StdDeviation   =      972.755]
#[Max     =     3790.848, Total count    =       115238]
#[Buckets =           27, SubBuckets     =         2048]