       Value   Percentile   TotalCount 1/(1-Percentile)

      16.359     0.000000            1         1.00
     316.671     0.100000        10956         1.11
    1698.815     0.200000        21913         1.25
    2891.775     0.300000        32864         1.43
    4206.591     0.400000        43833         1.67
    5832.703     0.500000        54815         2.00
    6594.559     0.550000        60275         2.22
    7352.319     0.600000        65737         2.50
    8114.175     0.650000        71212         2.86
    9428.991     0.700000        76697         3.33
   10960.895     0.750000        82165         4.00
   11755.519     0.775000        84900         4.44
   12820.479     0.800000        87638         5.00
   14000.127     0.825000        90391         5.71
   15261.695     0.850000        93117         6.67
   17072.127     0.875000        95857         8.00
   17661.951     0.887500        97238         8.89
   18530.303     0.900000        98619        10.00
   19857.407     0.912500        99971        11.43
   21364.735     0.925000       101326        13.33
   23609.343     0.937500       102708        16.00
   24297.471     0.943750       103383        17.78
   24985.599     0.950000       104068        20.00
   26165.247     0.956250       104756        22.86
   28246.015     0.962500       105434        26.67
   29130.751     0.968750       106122        32.00
   29523.967     0.971875       106469        35.56
   29982.719     0.975000       106807        40.00
   30818.303     0.978125       107155        45.71
   31604.735     0.981250       107512        53.33
   31916.031     0.984375       107835        64.00
   32145.407     0.985938       108012        71.11
   32260.095     0.987500       108184        80.00
   32391.167     0.989062       108349        91.43
   32735.231     0.990625       108519       106.67
   32997.375     0.992188       108689       128.00
   33128.447     0.992969       108775       142.22
   33325.055     0.993750       108860       160.00
   33472.511     0.994531       108947       182.86
   33783.807     0.995313       109036       213.33
   34045.951     0.996094       109120       256.00
   34275.327     0.996484       109160       284.44
   34406.399     0.996875       109199       320.00
   34504.703     0.997266       109248       365.71
   34635.775     0.997656       109293       426.67
   34799.615     0.998047       109339       512.00
   34897.919     0.998242       109351       568.89
   34996.223     0.998437       109371       640.00
   35094.527     0.998633       109399       731.43
   35160.063     0.998828       109415       853.33
   35323.903     0.999023       109435      1024.00
   35389.439     0.999121       109447      1137.78
   35422.207     0.999219       109457      1280.00
   35553.279     0.999316       109468      1462.86
   35815.423     0.999414       109484      1706.67
   36012.031     0.999512       109488      2048.00
   36241.407     0.999561       109493      2275.56
   36536.319     0.999609       109499      2560.00
   36765.695     0.999658       109504      2925.71
   36995.071     0.999707       109509      3413.33
   37158.911     0.999756       109515      4096.00
   37191.679     0.999780       109517      4551.11
   37289.983     0.999805       109520      5120.00
   37355.519     0.999829       109526      5851.43
   37355.519     0.999854       109526      6826.67
   37388.287     0.999878       109528      8192.00
   37421.055     0.999890       109529      9102.22
   37519.359     0.999902       109531     10240.00
   37584.895     0.999915       109537     11702.86
   37584.895     0.999927       109537     13653.33
   37584.895     0.999939       109537     16384.00
   37584.895     0.999945       109537     18204.44
   37584.895     0.999951       109537     20480.00
   37584.895     0.999957       109537     23405.71
   37584.895     0.999963       109537     27306.67
   37617.663     0.999969       109540     32768.00
   37617.663     0.999973       109540     36408.89
   37617.663     0.999976       109540     40960.00
   37617.663     0.999979       109540     46811.43
   37617.663     0.999982       109540     54613.33
   37617.663     0.999985       109540     65536.00
   37617.663     0.999986       109540     72817.78
   37617.663     0.999988       109540     81920.00
   37617.663     0.999989       109540     93622.86
   37617.663     0.999991       109540    109226.67
   37650.431     0.999992       109541    131072.00
   37650.431     1.000000       109541          inf
#[Mean    =     7909.194, StdDeviation   =     7668.719]
#[Max     =    37617.664, Total count    =       109541]
#[Buckets =           27, SubBuckets     =         2048]